-1.986899948120117188e+01
-1.854399871826171875e+01
-1.813566589355468750e+01
-1.805849838256835938e+01
-1.806259918212890625e+01
-1.809066581726074219e+01
-1.808714294433593750e+01
-1.813850021362304688e+01
-1.803688812255859375e+01
-1.805189895629882812e+01
-1.796045494079589844e+01
-1.789000129699707031e+01
-1.784376907348632812e+01
-1.787007331848144531e+01
-1.780500030517578125e+01
-1.778256225585937500e+01
-1.774835205078125000e+01
-1.776261138916015625e+01
-1.771163177490234375e+01
-1.772079849243164062e+01
-1.772542762756347656e+01
-1.767095375061035156e+01
-1.762817382812500000e+01
-1.766783332824707031e+01
-1.770467948913574219e+01
-1.766930770874023438e+01
-1.769277763366699219e+01
-1.767574882507324219e+01
-1.768527603149414062e+01
-1.764586639404296875e+01
-1.763474273681640625e+01
-1.766765594482421875e+01
-1.764336395263671875e+01
-1.767570495605468750e+01
-1.772774314880371094e+01
-1.785177803039550781e+01
-1.788559532165527344e+01
-1.797315979003906250e+01
-1.805033302307128906e+01
-1.807954978942871094e+01
-1.813165855407714844e+01
-1.817247581481933594e+01
-1.816474533081054688e+01
-1.818925094604492188e+01
-1.823422241210937500e+01
-1.828026199340820312e+01
-1.829670143127441406e+01
-1.830070877075195312e+01
-1.836691856384277344e+01
-1.835884094238281250e+01
-1.840154838562011719e+01
-1.838459587097167969e+01
-1.834981155395507812e+01
-1.837557601928710938e+01
-1.839309120178222656e+01
-1.838651847839355469e+01
-1.844268417358398438e+01
-1.847684478759765625e+01
-1.851493263244628906e+01
-1.850253295898437500e+01
-1.854673767089843750e+01
-1.855411338806152344e+01
-1.856288909912109375e+01
-1.857751655578613281e+01
-1.855324745178222656e+01
-1.854877471923828125e+01
-1.851379203796386719e+01
-1.849311828613281250e+01
-1.846152305603027344e+01
-1.848571586608886719e+01
-1.851026916503906250e+01
-1.855230712890625000e+01
-1.856065940856933594e+01
-1.856769180297851562e+01
-1.854157638549804688e+01
-1.852198791503906250e+01
-1.851926231384277344e+01
-1.850606536865234375e+01
-1.850037002563476562e+01
-1.850778961181640625e+01
-1.847103881835937500e+01
-1.847751426696777344e+01
-1.846156883239746094e+01
-1.847789573669433594e+01
-1.848770904541015625e+01
-1.850111770629882812e+01
-1.854128837585449219e+01
-1.855416107177734375e+01
-1.739570999145507812e+01
-1.743379020690917969e+01
-1.743621063232421875e+01
-1.636406707763671875e+01
-1.641809844970703125e+01
-1.641753387451171875e+01
-1.645285415649414062e+01
-1.544934463500976562e+01
-1.549351596832275391e+01
-1.553620529174804688e+01
-1.451938438415527344e+01
-1.349744033813476562e+01
-1.242670059204101562e+01
-1.137712001800537109e+01
-1.042089080810546875e+01
-9.374190330505371094e+00
-8.328841209411621094e+00
-7.343941211700439453e+00
-6.298381328582763672e+00
-5.260781288146972656e+00
-5.264691352844238281e+00
-4.204330921173095703e+00
-3.144370794296264648e+00
-2.077930688858032227e+00
-1.048030853271484375e+00
-3.980865702033042908e-03
-1.872100867331027985e-02
-9.832122921943664551e-02
-1.345312446355819702e-01
-2.012713551521301270e-01
-2.609713673591613770e-01
-2.506115734577178955e-01
-2.773715257644653320e-01
6.526284813880920410e-01
1.694888591766357422e+00
2.804338455200195312e+00
3.848188161849975586e+00
4.864258289337158203e+00
5.929208278656005859e+00
6.964638710021972656e+00
8.068558692932128906e+00
9.161918640136718750e+00
1.019357872009277344e+01
1.121891880035400391e+01
1.226452922821044922e+01
1.329525852203369141e+01
1.433733844757080078e+01
1.544843864440917969e+01
1.541574001312255859e+01
1.653304862976074219e+01
1.758886909484863281e+01
1.860000801086425781e+01
1.967875671386718750e+01
2.070245933532714844e+01
2.166361808776855469e+01
2.269540023803710938e+01
2.375526809692382812e+01
2.489324951171875000e+01
2.485214042663574219e+01
2.483623123168945312e+01
2.486125946044921875e+01
2.583740234375000000e+01
2.691301345825195312e+01
2.797334289550781250e+01
2.905623245239257812e+01
3.015988349914550781e+01
3.121149444580078125e+01
3.227502441406250000e+01
3.331178283691406250e+01
3.438768386840820312e+01
3.548224258422851562e+01
3.651357269287109375e+01
3.761885070800781250e+01
3.869664382934570312e+01
3.975742340087890625e+01
3.975483322143554688e+01
3.969474029541015625e+01
4.073945236206054688e+01
4.174315261840820312e+01
4.170915222167968750e+01
4.169822311401367188e+01
4.170025253295898438e+01
4.170372009277343750e+01
4.171601104736328125e+01
4.172774887084960938e+01
4.172938919067382812e+01
4.170518875122070312e+01
4.168984222412109375e+01
4.270433044433593750e+01
4.269901275634765625e+01
4.372277450561523438e+01
4.480770874023437500e+01
4.589140319824218750e+01
4.692116165161132812e+01
4.799731826782226562e+01
4.906101989746093750e+01
5.016786956787109375e+01
5.018185424804687500e+01
5.017271423339843750e+01
5.016953277587890625e+01
4.916133117675781250e+01
4.918338394165039062e+01
5.028644561767578125e+01
5.032587051391601562e+01
5.142470550537109375e+01
5.247264480590820312e+01
5.357026672363281250e+01
5.365948867797851562e+01
5.477868652343750000e+01
5.588179779052734375e+01
5.486957550048828125e+01
5.491097640991210938e+01
5.494464492797851562e+01
5.494394683837890625e+01
5.496618270874023438e+01
5.498043060302734375e+01
5.504841232299804688e+01
5.405574035644531250e+01
5.400583648681640625e+01
5.406302261352539062e+01
5.514546203613281250e+01
5.518300247192382812e+01
5.516467285156250000e+01
5.514349746704101562e+01
5.515586471557617188e+01
5.407888793945312500e+01
5.509022140502929688e+01
5.621905899047851562e+01
5.733337783813476562e+01
5.848216629028320312e+01
5.957522964477539062e+01
6.059349441528320312e+01
6.166723632812500000e+01
6.179385375976562500e+01
6.183311080932617188e+01
6.070063400268554688e+01
5.965955734252929688e+01
5.860328292846679688e+01
5.750936126708984375e+01
5.643729019165039062e+01
5.534226989746093750e+01
5.527569961547851562e+01
5.533248901367187500e+01
5.542916870117187500e+01
5.541672515869140625e+01
5.548134231567382812e+01
5.554677200317382812e+01
5.557710266113281250e+01
5.665412902832031250e+01
5.665431594848632812e+01
5.671191406250000000e+01
5.679851531982421875e+01
5.682884597778320312e+01
5.689488220214843750e+01
5.699940490722656250e+01
5.708923339843750000e+01
5.712793350219726562e+01
5.708665084838867188e+01
5.818291091918945312e+01
5.926199340820312500e+01
6.038382339477539062e+01
5.938587951660156250e+01
5.833698654174804688e+01
5.727385711669921875e+01
5.720040130615234375e+01
5.720192337036132812e+01
5.725790405273437500e+01
5.721093368530273438e+01
5.619297409057617188e+01
5.621763229370117188e+01
5.620761108398437500e+01
5.518900299072265625e+01
5.515733337402343750e+01
5.513063430786132812e+01
5.520341873168945312e+01
5.629757690429687500e+01
5.743770980834960938e+01
5.749384307861328125e+01
5.754905700683593750e+01
5.755569458007812500e+01
5.751382446289062500e+01
5.755654144287109375e+01
5.764295578002929688e+01
5.764297866821289062e+01
5.768233489990234375e+01
5.767403411865234375e+01
5.764488601684570312e+01
5.874025726318359375e+01
5.770420837402343750e+01
5.771650314331054688e+01
5.663422775268554688e+01
5.659064865112304688e+01
5.550402832031250000e+01
5.556998062133789062e+01
5.555724716186523438e+01
5.551831054687500000e+01
5.554028320312500000e+01
5.662813568115234375e+01
5.778326797485351562e+01
5.886921691894531250e+01
5.994847488403320312e+01
6.105303192138671875e+01
6.104862213134765625e+01
6.112498092651367188e+01
6.001457977294921875e+01
5.896166992187500000e+01
5.789253997802734375e+01
5.780224609375000000e+01
5.769634246826171875e+01
5.772094726562500000e+01
5.876952743530273438e+01
5.873081207275390625e+01
5.870413589477539062e+01
5.873796463012695312e+01
5.887076187133789062e+01
5.882975006103515625e+01
5.879949569702148438e+01
5.877968215942382812e+01
5.774096298217773438e+01
5.662734222412109375e+01
5.549992370605468750e+01
5.541677093505859375e+01
5.546540451049804688e+01
5.550754547119140625e+01
5.557360458374023438e+01
5.666428756713867188e+01
5.676822662353515625e+01
5.566294097900390625e+01
5.456672286987304688e+01
5.455959320068359375e+01
5.461567687988281250e+01
5.465246582031250000e+01
5.471197891235351562e+01
5.469802093505859375e+01
5.473342132568359375e+01
5.586221313476562500e+01
5.684922790527343750e+01
5.796852111816406250e+01
5.908870697021484375e+01
6.023390960693359375e+01
6.133805847167968750e+01
6.138447189331054688e+01
6.137623977661132812e+01
6.138850021362304688e+01
6.142765045166015625e+01
6.139582443237304688e+01
6.139763259887695312e+01
6.140262222290039062e+01
6.144620513916015625e+01
6.145617675781250000e+01
6.148467636108398438e+01
6.150578689575195312e+01
6.151401519775390625e+01
6.152057647705078125e+01
6.154479980468750000e+01
6.154625320434570312e+01
6.156621170043945312e+01
6.161832427978515625e+01
6.167912673950195312e+01
6.173412704467773438e+01
6.166418075561523438e+01
6.278494644165039062e+01
6.379103851318359375e+01
6.476920318603515625e+01
6.479901123046875000e+01
6.481066131591796875e+01
6.482263946533203125e+01
6.492010498046875000e+01
6.604714202880859375e+01
6.606049346923828125e+01
6.610939788818359375e+01
6.720926666259765625e+01
6.726793670654296875e+01
6.729872131347656250e+01
6.729209136962890625e+01
6.733692169189453125e+01
6.735115051269531250e+01
6.737120056152343750e+01
6.742198181152343750e+01
6.852085876464843750e+01
6.853910064697265625e+01
6.844200134277343750e+01
6.831884765625000000e+01
6.828340911865234375e+01
6.920637512207031250e+01
7.027050781250000000e+01
7.024582672119140625e+01
6.907799530029296875e+01
6.904788970947265625e+01
6.895225524902343750e+01
7.001632690429687500e+01
7.009252166748046875e+01
7.115756225585937500e+01
7.112503814697265625e+01
7.116288757324218750e+01
7.128298187255859375e+01
7.122757720947265625e+01
7.122980499267578125e+01
7.108332061767578125e+01
7.108036804199218750e+01
7.108241271972656250e+01
7.107811737060546875e+01
7.108908843994140625e+01
7.107938385009765625e+01
7.222792053222656250e+01
7.333000183105468750e+01
7.441531372070312500e+01
7.452342987060546875e+01
7.464045715332031250e+01
7.465056610107421875e+01
7.351664733886718750e+01
7.233225250244140625e+01
7.128092956542968750e+01
7.017857360839843750e+01
6.900190734863281250e+01
6.787841796875000000e+01
6.677761840820312500e+01
6.679412841796875000e+01
6.681239318847656250e+01
6.681993103027343750e+01
6.683967590332031250e+01
6.579107666015625000e+01
6.466744232177734375e+01
6.355656433105468750e+01
6.242832946777343750e+01
6.138296890258789062e+01
6.136994934082031250e+01
6.252334976196289062e+01
6.363096618652343750e+01
6.255394363403320312e+01
6.247204971313476562e+01
6.133935546875000000e+01
6.020455932617187500e+01
5.913056564331054688e+01
5.797569274902343750e+01
5.686882019042968750e+01
5.689376831054687500e+01
5.577910995483398438e+01
5.466135787963867188e+01
5.354264831542968750e+01
5.351146316528320312e+01
5.243049621582031250e+01
5.133174896240234375e+01
5.019448089599609375e+01
4.906169128417968750e+01
4.792061614990234375e+01
4.684982299804687500e+01
4.574710845947265625e+01
4.466725540161132812e+01
4.358520507812500000e+01
4.252616119384765625e+01
4.140004730224609375e+01
4.030285263061523438e+01
3.924422836303710938e+01
3.923233413696289062e+01
3.922945404052734375e+01
3.915629959106445312e+01
3.800352478027343750e+01
3.692613220214843750e+01
3.692859268188476562e+01
3.586910247802734375e+01
3.478859329223632812e+01
3.488349533081054688e+01
3.394817352294921875e+01
3.288331222534179688e+01
3.175467681884765625e+01
3.064169883728027344e+01
2.954865264892578125e+01
2.952906227111816406e+01
2.844468688964843750e+01
2.736299896240234375e+01
2.724539947509765625e+01
2.723379898071289062e+01
2.727096748352050781e+01
2.720436477661132812e+01
2.715542984008789062e+01
2.603858375549316406e+01
2.596757888793945312e+01
2.591762733459472656e+01
2.595692443847656250e+01
2.705943298339843750e+01
2.819704055786132812e+01
2.935950279235839844e+01
2.943774414062500000e+01
2.845711898803710938e+01
2.743895530700683594e+01
2.849808502197265625e+01
2.964781188964843750e+01
2.967849540710449219e+01
3.086153411865234375e+01
3.095938491821289062e+01
3.094523429870605469e+01
3.090072250366210938e+01
3.092286109924316406e+01
3.092664146423339844e+01
3.089304733276367188e+01
3.091202163696289062e+01
3.092707061767578125e+01
3.102669906616210938e+01
3.102679634094238281e+01
3.103865242004394531e+01
3.105691337585449219e+01
3.104970741271972656e+01
3.107294845581054688e+01
3.109810638427734375e+01
2.994337844848632812e+01
2.874988365173339844e+01
2.867322349548339844e+01
2.861439514160156250e+01
2.850265693664550781e+01
2.967478561401367188e+01
3.091880798339843750e+01
3.201794815063476562e+01
3.313923645019531250e+01
3.421656417846679688e+01
3.542183685302734375e+01
3.542693328857421875e+01
3.641902160644531250e+01
3.742197418212890625e+01
3.854775238037109375e+01
3.959001922607421875e+01
4.068240356445312500e+01
4.177076339721679688e+01
4.286451339721679688e+01
4.390484237670898438e+01
4.491351699829101562e+01
4.489931488037109375e+01
4.489369201660156250e+01
4.489855575561523438e+01
4.601769638061523438e+01
4.606917953491210938e+01
4.714199066162109375e+01
4.821784973144531250e+01
4.930308532714843750e+01
5.038431549072265625e+01
5.142466735839843750e+01
5.035726547241210938e+01
5.037820434570312500e+01
5.041470718383789062e+01
5.037490081787109375e+01
5.036595535278320312e+01
5.133769607543945312e+01
5.239543151855468750e+01
5.348312377929687500e+01
5.351285171508789062e+01
5.357271575927734375e+01
5.464490127563476562e+01
5.565656280517578125e+01
5.676992034912109375e+01
5.672158050537109375e+01
5.763253784179687500e+01
5.760250091552734375e+01
5.863599777221679688e+01
5.966341781616210938e+01
5.965216827392578125e+01
5.965419769287109375e+01
5.975191497802734375e+01
6.087791061401367188e+01
6.196197128295898438e+01
6.194771575927734375e+01
6.194523620605468750e+01
6.192933654785156250e+01
6.185724639892578125e+01
6.290373229980468750e+01
6.398687362670898438e+01
6.497293090820312500e+01
6.609937286376953125e+01
6.605066680908203125e+01
6.599011993408203125e+01
6.699832153320312500e+01
6.806114959716796875e+01
6.811859130859375000e+01
6.811489868164062500e+01
6.804064178466796875e+01
6.812078094482421875e+01
6.816496276855468750e+01
6.928096008300781250e+01
6.931187438964843750e+01
6.922841644287109375e+01
6.808646392822265625e+01
6.798351287841796875e+01
6.682228851318359375e+01
6.681517791748046875e+01
6.787830352783203125e+01
6.897081756591796875e+01
6.988449096679687500e+01
6.995564270019531250e+01
6.996212768554687500e+01
7.110675811767578125e+01
7.104343414306640625e+01
7.093585968017578125e+01
7.078466796875000000e+01
7.081630706787109375e+01
7.083773803710937500e+01
7.076673889160156250e+01
7.079445648193359375e+01
7.080724334716796875e+01
7.081820678710937500e+01
7.088822174072265625e+01
7.095699310302734375e+01
6.981527709960937500e+01
6.859349822998046875e+01
6.848986053466796875e+01
6.843295288085937500e+01
6.837638854980468750e+01
6.952312469482421875e+01
7.070381164550781250e+01
7.082064819335937500e+01
7.086538696289062500e+01
7.094915771484375000e+01
7.096855163574218750e+01
7.097802734375000000e+01
