-1.986899948120117188e+01
-1.721899986267089844e+01
-1.731900024414062500e+01
-1.782699966430664062e+01
-1.807900047302246094e+01
-1.823100090026855469e+01
-1.806599998474121094e+01
-1.849799919128417969e+01
-1.722400093078613281e+01
-1.818700027465820312e+01
-1.704599952697753906e+01
-1.711499977111816406e+01
-1.728899955749511719e+01
-1.821199989318847656e+01
-1.689399909973144531e+01
-1.744599914550781250e+01
-1.720100021362304688e+01
-1.800499916076660156e+01
-1.679400062561035156e+01
-1.789500045776367188e+01
-1.781800079345703125e+01
-1.652700042724609375e+01
-1.668700027465820312e+01
-1.857999992370605469e+01
-1.858900070190429688e+01
-1.678499984741210938e+01
-1.830299949645996094e+01
-1.721599960327148438e+01
-1.795199966430664062e+01
-1.650300025939941406e+01
-1.730100059509277344e+01
-1.868799972534179688e+01
-1.686599922180175781e+01
-1.874300003051757812e+01
-1.949699974060058594e+01
-2.219300079345703125e+01
-1.910300064086914062e+01
-2.121299934387207031e+01
-2.098299980163574219e+01
-1.921899986267089844e+01
-2.021599960327148438e+01
-1.984600067138671875e+01
-1.784000015258789062e+01
-1.924300003051757812e+01
-2.021299934387207031e+01
-2.035199928283691406e+01
-1.905299949645996094e+01
-1.848900032043457031e+01
-2.154500007629394531e+01
-1.796299934387207031e+01
-2.053700065612792969e+01
-1.752000045776367188e+01
-1.654100036621093750e+01
-1.974099922180175781e+01
-1.933900070190429688e+01
-1.802499961853027344e+01
-2.158799934387207031e+01
-2.042399978637695312e+01
-2.072400093078613281e+01
-1.777099990844726562e+01
-2.119899940490722656e+01
-1.900399971008300781e+01
-1.910700035095214844e+01
-1.949900054931640625e+01
-1.700000000000000000e+01
-1.825799942016601562e+01
-1.620499992370605469e+01
-1.710799980163574219e+01
-1.631299972534179688e+01
-2.015500068664550781e+01
-2.022900009155273438e+01
-2.153700065612792969e+01
-1.916200065612792969e+01
-1.908099937438964844e+01
-1.660899925231933594e+01
-1.705299949645996094e+01
-1.831200027465820312e+01
-1.748999977111816406e+01
-1.805599975585937500e+01
-1.909399986267089844e+01
-1.553100013732910156e+01
-1.900200080871582031e+01
-1.715399932861328125e+01
-1.983300018310546875e+01
-1.931200027465820312e+01
-1.964100074768066406e+01
-2.199600028991699219e+01
-1.967399978637695312e+01
8.454799652099609375e+01
-2.082299995422363281e+01
-1.765399932861328125e+01
8.120099639892578125e+01
-2.138899993896484375e+01
-1.636499977111816406e+01
-1.977300071716308594e+01
7.988400268554687500e+01
-1.973399925231933594e+01
-1.967700004577636719e+01
8.512899780273437500e+01
8.767500305175781250e+01
8.720500183105468750e+01
8.773899841308593750e+01
7.830400085449218750e+01
8.684300231933593750e+01
8.645600128173828125e+01
8.025900268554687500e+01
8.648999786376953125e+01
8.526200103759765625e+01
-1.761499977111816406e+01
8.784899902343750000e+01
8.894999694824218750e+01
8.952899932861328125e+01
8.570099639892578125e+01
8.619300079345703125e+01
-1.836800003051757812e+01
-2.540600013732910156e+01
-2.082200050354003906e+01
-2.467900085449218750e+01
-2.276399993896484375e+01
-1.685899925231933594e+01
-2.049399948120117188e+01
7.647299957275390625e+01
8.753900146484375000e+01
9.236499786376953125e+01
8.579599761962890625e+01
8.482199859619140625e+01
8.819200134277343750e+01
8.632700347900390625e+01
9.244000244140625000e+01
9.283300018310546875e+01
8.586499786376953125e+01
8.384600067138671875e+01
8.769499969482421875e+01
8.433000183105468750e+01
8.471099853515625000e+01
8.891699981689453125e+01
-2.237299919128417969e+01
9.051799774169921875e+01
8.459899902343750000e+01
8.189499664306640625e+01
8.765899658203125000e+01
8.252400207519531250e+01
7.827600097656250000e+01
8.393499755859375000e+01
8.577400207519531250e+01
9.344599914550781250e+01
-2.316399955749511719e+01
-2.007999992370605469e+01
-1.904199981689453125e+01
7.965100097656250000e+01
8.702400207519531250e+01
8.851300048828125000e+01
9.174800109863281250e+01
9.062400054931640625e+01
8.582199859619140625e+01
8.832800292968750000e+01
8.208799743652343750e+01
8.716600036621093750e+01
8.873200225830078125e+01
8.536199951171875000e+01
8.932900238037109375e+01
8.877500152587890625e+01
8.697100067138671875e+01
-1.975799942016601562e+01
-2.300900077819824219e+01
8.621299743652343750e+01
8.416500091552734375e+01
-2.050799942016601562e+01
-1.740600013732910156e+01
-1.995199966430664062e+01
-1.988199996948242188e+01
-2.030800056457519531e+01
-1.798800086975097656e+01
-1.891699981689453125e+01
-1.902899932861328125e+01
-1.858799934387207031e+01
8.313700103759765625e+01
-1.802199935913085938e+01
8.431999969482421875e+01
8.940000152587890625e+01
9.283799743652343750e+01
8.397399902343750000e+01
9.046199798583984375e+01
8.653700256347656250e+01
9.137300109863281250e+01
-1.824300003051757812e+01
-2.290999984741210938e+01
-1.999200057983398438e+01
-1.627199935913085938e+01
-1.861800003051757812e+01
9.265200042724609375e+01
8.514299774169921875e+01
8.849500274658203125e+01
8.842900085449218750e+01
8.998899841308593750e+01
8.880599975585937500e+01
9.218599700927734375e+01
9.063400268554687500e+01
-1.609300041198730469e+01
9.181500244140625000e+01
9.057199859619140625e+01
8.766899871826171875e+01
8.052799987792968750e+01
8.826799774169921875e+01
9.325399780273437500e+01
-1.900799942016601562e+01
8.149900054931640625e+01
9.098100280761718750e+01
9.062899780273437500e+01
9.160299682617187500e+01
8.711699676513671875e+01
8.741100311279296875e+01
8.693800354003906250e+01
-2.150499916076660156e+01
8.276499938964843750e+01
8.747799682617187500e+01
9.061000061035156250e+01
9.019999694824218750e+01
8.654199981689453125e+01
8.496800231933593750e+01
8.687999725341796875e+01
8.913500213623046875e+01
9.146499633789062500e+01
-2.088299942016601562e+01
-1.831200027465820312e+01
-2.080500030517578125e+01
-2.120000076293945312e+01
-2.087999916076660156e+01
-1.706200027465820312e+01
8.617600250244140625e+01
9.154399871826171875e+01
9.351399993896484375e+01
8.644999694824218750e+01
9.079199981689453125e+01
9.125399780273437500e+01
9.194999694824218750e+01
8.533000183105468750e+01
9.053600311279296875e+01
9.035900115966796875e+01
9.055500030517578125e+01
9.069200134277343750e+01
8.912799835205078125e+01
8.872799682617187500e+01
9.291799926757812500e+01
8.964399719238281250e+01
8.931800079345703125e+01
8.646199798583984375e+01
8.782800292968750000e+01
9.314099884033203125e+01
-2.014299964904785156e+01
-1.786499977111816406e+01
-1.779999923706054688e+01
8.440200042724609375e+01
9.077700042724609375e+01
9.141999816894531250e+01
8.363099670410156250e+01
-1.970800018310546875e+01
8.963200378417968750e+01
8.773000335693359375e+01
-1.649900054931640625e+01
8.616200256347656250e+01
8.610500335693359375e+01
9.424900054931640625e+01
8.965799713134765625e+01
9.100399780273437500e+01
9.182599639892578125e+01
8.968699645996093750e+01
-1.984499931335449219e+01
-2.159300041198730469e+01
-1.568000030517578125e+01
-1.124100017547607422e+01
-2.030599975585937500e+01
-1.405300045013427734e+01
-1.974699974060058594e+01
-2.194300079345703125e+01
9.094899749755859375e+01
-2.046800041198730469e+01
-1.679299926757812500e+01
-2.390699958801269531e+01
8.504199981689453125e+01
-1.582400035858154297e+01
9.056900024414062500e+01
8.918800354003906250e+01
8.264399719238281250e+01
9.356999969482421875e+01
9.054199981689453125e+01
9.260399627685546875e+01
8.860399627685546875e+01
9.165299987792968750e+01
9.183799743652343750e+01
9.221099853515625000e+01
9.277899932861328125e+01
-2.254500007629394531e+01
-1.686199951171875000e+01
-1.692399978637695312e+01
7.977600097656250000e+01
8.159600067138671875e+01
9.309500122070312500e+01
8.876499938964843750e+01
8.794300079345703125e+01
8.790399932861328125e+01
9.105200195312500000e+01
9.380799865722656250e+01
8.416699981689453125e+01
9.022899627685546875e+01
-2.098900032043457031e+01
-2.237299919128417969e+01
-2.038100051879882812e+01
-2.211300086975097656e+01
8.328800201416015625e+01
9.198000335693359375e+01
9.162500000000000000e+01
9.354399871826171875e+01
8.756300354003906250e+01
9.315899658203125000e+01
-2.305100059509277344e+01
-1.901199913024902344e+01
8.948699951171875000e+01
9.215000152587890625e+01
8.864600372314453125e+01
9.283100128173828125e+01
8.773899841308593750e+01
9.500499725341796875e+01
9.199600219726562500e+01
8.038999938964843750e+01
9.112400054931640625e+01
9.081800079345703125e+01
9.364099884033203125e+01
9.335299682617187500e+01
9.081700134277343750e+01
9.072100067138671875e+01
9.473999786376953125e+01
9.036499786376953125e+01
8.760900115966796875e+01
9.143499755859375000e+01
9.244899749755859375e+01
8.968800354003906250e+01
9.153299713134765625e+01
9.320899963378906250e+01
9.266600036621093750e+01
9.151499938964843750e+01
8.978399658203125000e+01
9.115000152587890625e+01
9.306300354003906250e+01
9.163999938964843750e+01
9.452899932861328125e+01
9.254199981689453125e+01
9.332800292968750000e+01
8.614600372314453125e+01
9.193399810791015625e+01
8.274400329589843750e+01
8.001699829101562500e+01
8.738300323486328125e+01
9.194100189208984375e+01
9.261799621582031250e+01
9.337699890136718750e+01
9.299600219726562500e+01
9.096700286865234375e+01
9.262000274658203125e+01
9.348799896240234375e+01
9.202899932861328125e+01
8.918399810791015625e+01
9.358599853515625000e+01
9.414199829101562500e+01
9.242700195312500000e+01
9.383100128173828125e+01
9.476499938964843750e+01
9.004299926757812500e+01
-1.976899909973144531e+01
-2.538999938964843750e+01
-2.355699920654296875e+01
-2.385000038146972656e+01
7.824400329589843750e+01
8.666600036621093750e+01
-2.441099929809570312e+01
-2.583399963378906250e+01
-2.347900009155273438e+01
-2.635600090026855469e+01
8.250000000000000000e+01
9.266100311279296875e+01
9.068000030517578125e+01
8.731700134277343750e+01
9.297399902343750000e+01
9.465200042724609375e+01
8.802999877929687500e+01
9.076499938964843750e+01
7.795500183105468750e+01
8.830899810791015625e+01
9.185800170898437500e+01
9.140799713134765625e+01
9.330899810791015625e+01
9.180799865722656250e+01
9.230799865722656250e+01
9.334500122070312500e+01
9.160700225830078125e+01
9.058799743652343750e+01
9.329900360107421875e+01
9.410500335693359375e+01
-2.462700080871582031e+01
-3.049600028991699219e+01
-1.722800064086914062e+01
-1.918400001525878906e+01
-2.386000061035156250e+01
-2.818199920654296875e+01
-1.985199928283691406e+01
-1.933799934387207031e+01
-2.054599952697753906e+01
-1.962599945068359375e+01
-2.013899993896484375e+01
-2.157200050354003906e+01
-2.038299942016601562e+01
-1.946299934387207031e+01
-1.927899932861328125e+01
-1.697200012207031250e+01
9.185700225830078125e+01
9.228900146484375000e+01
9.175000000000000000e+01
-1.821500015258789062e+01
8.396099853515625000e+01
-2.462299919128417969e+01
-2.064800071716308594e+01
-1.965999984741210938e+01
-2.048299980163574219e+01
-1.869199943542480469e+01
8.288400268554687500e+01
-2.034199905395507812e+01
-2.095700073242187500e+01
-1.822999954223632812e+01
9.023400115966796875e+01
-1.728000068664550781e+01
-1.915500068664550781e+01
-1.898600006103515625e+01
-2.291500091552734375e+01
-2.649799919128417969e+01
-1.564500045776367188e+01
-1.782299995422363281e+01
-1.829700088500976562e+01
-1.667099952697753906e+01
-1.269499969482421875e+01
-1.994499969482421875e+01
-1.820599937438964844e+01
-1.607900047302246094e+01
8.996099853515625000e+01
9.277600097656250000e+01
8.432399749755859375e+01
-2.074799919128417969e+01
-1.519699954986572266e+01
9.357499694824218750e+01
-1.980299949645996094e+01
-1.611800003051757812e+01
9.223400115966796875e+01
-1.351599979400634766e+01
-1.910400009155273438e+01
-2.092200088500976562e+01
-1.868000030517578125e+01
-1.592700004577636719e+01
9.103800201416015625e+01
-1.746999931335449219e+01
-1.554899978637695312e+01
8.172799682617187500e+01
9.087000274658203125e+01
9.290000152587890625e+01
8.692600250244140625e+01
8.924900054931640625e+01
-1.925799942016601562e+01
8.673100280761718750e+01
8.976899719238281250e+01
9.397299957275390625e+01
9.048300170898437500e+01
8.837100219726562500e+01
9.269000244140625000e+01
-1.602599906921386719e+01
-1.981900024414062500e+01
-1.514999961853027344e+01
8.150199890136718750e+01
8.913899993896484375e+01
-2.040999984741210938e+01
9.194799804687500000e+01
9.228500366210937500e+01
9.124600219726562500e+01
8.622799682617187500e+01
8.953099822998046875e+01
9.335099792480468750e+01
9.129299926757812500e+01
8.992700195312500000e+01
9.226999664306640625e+01
8.791699981689453125e+01
8.831900024414062500e+01
9.304199981689453125e+01
9.323500061035156250e+01
9.258699798583984375e+01
9.413300323486328125e+01
9.482499694824218750e+01
-2.212599945068359375e+01
-2.774200057983398438e+01
8.292099761962890625e+01
8.741600036621093750e+01
8.293199920654296875e+01
9.258599853515625000e+01
9.390699768066406250e+01
9.268499755859375000e+01
9.294599914550781250e+01
8.387400054931640625e+01
9.234500122070312500e+01
-1.934099960327148438e+01
7.987200164794921875e+01
7.974900054931640625e+01
9.295099639892578125e+01
8.408799743652343750e+01
8.766600036621093750e+01
8.845300292968750000e+01
8.991300201416015625e+01
8.475399780273437500e+01
8.389399719238281250e+01
9.043699645996093750e+01
9.172699737548828125e+01
9.223600006103515625e+01
9.369899749755859375e+01
8.910900115966796875e+01
8.265899658203125000e+01
8.693800354003906250e+01
8.886399841308593750e+01
8.763999938964843750e+01
8.534400177001953125e+01
-2.385499954223632812e+01
-1.824799919128417969e+01
-1.730599975585937500e+01
-2.220999908447265625e+01
8.933999633789062500e+01
7.989499664306640625e+01
8.661900329589843750e+01
8.978299713134765625e+01
-1.994099998474121094e+01
-2.051199913024902344e+01
9.157399749755859375e+01
8.334300231933593750e+01
9.304000091552734375e+01
-2.150499916076660156e+01
7.840000152587890625e+01
-2.294899940490722656e+01
8.514499664306640625e+01
8.666400146484375000e+01
8.883599853515625000e+01
9.297899627685546875e+01
9.409600067138671875e+01
9.185099792480468750e+01
9.320899963378906250e+01
9.214900207519531250e+01
-2.004999923706054688e+01
-1.770700073242187500e+01
8.502500152587890625e+01
9.113200378417968750e+01
8.921099853515625000e+01
7.768399810791015625e+01
9.396399688720703125e+01
-2.079800033569335938e+01
8.498300170898437500e+01
8.334999847412109375e+01
9.073500061035156250e+01
8.747200012207031250e+01
9.050000000000000000e+01
8.547399902343750000e+01
9.494000244140625000e+01
9.366600036621093750e+01
9.234100341796875000e+01
8.982199859619140625e+01
8.142299652099609375e+01
-2.022200012207031250e+01
8.018800354003906250e+01
-2.775200080871582031e+01
9.197799682617187500e+01
9.028800201416015625e+01
8.943299865722656250e+01
7.621600341796875000e+01
8.861699676513671875e+01
8.978800201416015625e+01
9.405200195312500000e+01
8.561599731445312500e+01
8.152700042724609375e+01
7.612699890136718750e+01
8.939199829101562500e+01
9.167299652099609375e+01
8.625099945068359375e+01
9.406400299072265625e+01
9.120800018310546875e+01
9.336599731445312500e+01
9.491999816894531250e+01
9.519599914550781250e+01
-2.112899971008300781e+01
-2.894400024414062500e+01
8.222399902343750000e+01
8.844200134277343750e+01
8.916699981689453125e+01
9.254599761962890625e+01
9.032700347900390625e+01
9.460500335693359375e+01
9.188999938964843750e+01
9.130899810791015625e+01
9.452600097656250000e+01
9.485399627685546875e+01
